Index,Original Method File,Original Method,Original Method Time,Original Method Result,Original Result File,Original Error Message,Original Error Message File,New Method File,New Method,New Method Time,New Method Result,New Method Result File,New Method Error Message,New Method Error Message File,Prompt File,Prompt Length,Prompt Index,Prompt name,Error message,Feedback,Try,Number placeholders,Placeholder position,Diff,Url
0,.//results/LemmaModInductionAuto_fix_378.dfy,LemmaModInductionAuto,0.991978,Errors,./results_llm/LemmaModInductionAuto_0.txt,a precondition for this call could not be proved,./results_llm/LemmaModInductionAuto__0_error.txt,./results_llm/LemmaModInductionAuto_fix_DynamicPlaceholder_0_1.dfy,LemmaModInductionAuto,0.932151,Errors,./results_llm/LemmaModInductionAuto_fix_0.txt,a precondition for this call could not be proved,./results_llm/LemmaModInductionAuto_fix_0_error.txt,/usr/local/home/eric/dafny_repos/libraries/src/dafny/NonlinearArithmetic/Internals/LemmaModInductionAuto_fix_378.dfy_0_1_DynamicPlaceholder_prompt,2066,1,DynamicPlaceholder,,False,1,1,1,"assert forall i {:trigger IsLe(0, i)} :: IsLe(0, i) && i < n ==> f(i);
",http://c10-10.sysnet.ucsd.edu:8866/?results=.%2Fresults_llm%2Ftmp_libraries%2Foutput_dynamicPlaceholder-r3_libraries_56.csv&assertions=.%2Fresults%2Ftmp_libraries%2Ftesting_libraries_k58_56.csv&method=0
0,.//results/LemmaModInductionAuto_fix_378.dfy,LemmaModInductionAuto,0.991978,Errors,./results_llm/LemmaModInductionAuto_0.txt,a precondition for this call could not be proved,./results_llm/LemmaModInductionAuto__0_error.txt,./results_llm/LemmaModInductionAuto_fix_DynamicPlaceholder_0_2.dfy,LemmaModInductionAuto,0.955931,Errors,./results_llm/LemmaModInductionAuto_fix_0.txt,a precondition for this call could not be proved,./results_llm/LemmaModInductionAuto_fix_0_error.txt,/usr/local/home/eric/dafny_repos/libraries/src/dafny/NonlinearArithmetic/Internals/LemmaModInductionAuto_fix_378.dfy_0_1_DynamicPlaceholder_prompt,2066,1,DynamicPlaceholder,,False,2,1,1,"assert forall i {:trigger IsLe(0, i)} :: IsLe(0, i) && i < n ==> f(i);
",http://c10-10.sysnet.ucsd.edu:8866/?results=.%2Fresults_llm%2Ftmp_libraries%2Foutput_dynamicPlaceholder-r3_libraries_56.csv&assertions=.%2Fresults%2Ftmp_libraries%2Ftesting_libraries_k58_56.csv&method=0
0,.//results/LemmaModInductionAuto_fix_378.dfy,LemmaModInductionAuto,0.991978,Errors,./results_llm/LemmaModInductionAuto_0.txt,a precondition for this call could not be proved,./results_llm/LemmaModInductionAuto__0_error.txt,./results_llm/LemmaModInductionAuto_fix_DynamicPlaceholder_0_3.dfy,LemmaModInductionAuto,0.973798,Errors,./results_llm/LemmaModInductionAuto_fix_0.txt,a precondition for this call could not be proved,./results_llm/LemmaModInductionAuto_fix_0_error.txt,/usr/local/home/eric/dafny_repos/libraries/src/dafny/NonlinearArithmetic/Internals/LemmaModInductionAuto_fix_378.dfy_0_1_DynamicPlaceholder_prompt,2066,1,DynamicPlaceholder,,False,3,1,1,"assert forall i {:trigger IsLe(0, i)} :: IsLe(0, i) && i < n ==> f(i);
",http://c10-10.sysnet.ucsd.edu:8866/?results=.%2Fresults_llm%2Ftmp_libraries%2Foutput_dynamicPlaceholder-r3_libraries_56.csv&assertions=.%2Fresults%2Ftmp_libraries%2Ftesting_libraries_k58_56.csv&method=0
0,.//results/LemmaModInductionAuto_fix_378.dfy,LemmaModInductionAuto,0.991978,Errors,./results_llm/LemmaModInductionAuto_0.txt,a precondition for this call could not be proved,./results_llm/LemmaModInductionAuto__0_error.txt,./results_llm/LemmaModInductionAuto_fix_DynamicPlaceholder_0_4.dfy,LemmaModInductionAuto,0.86192,Errors,./results_llm/LemmaModInductionAuto_fix_0.txt,a precondition for this call could not be proved,./results_llm/LemmaModInductionAuto_fix_0_error.txt,/usr/local/home/eric/dafny_repos/libraries/src/dafny/NonlinearArithmetic/Internals/LemmaModInductionAuto_fix_378.dfy_0_1_DynamicPlaceholder_prompt,2066,1,DynamicPlaceholder,,False,4,1,1,"assert forall i {:trigger IsLe(0, i)} :: IsLe(0, i) && i < n ==> f(i);
",http://c10-10.sysnet.ucsd.edu:8866/?results=.%2Fresults_llm%2Ftmp_libraries%2Foutput_dynamicPlaceholder-r3_libraries_56.csv&assertions=.%2Fresults%2Ftmp_libraries%2Ftesting_libraries_k58_56.csv&method=0
0,.//results/LemmaModInductionAuto_fix_378.dfy,LemmaModInductionAuto,0.991978,Errors,./results_llm/LemmaModInductionAuto_0.txt,a precondition for this call could not be proved,./results_llm/LemmaModInductionAuto__0_error.txt,./results_llm/LemmaModInductionAuto_fix_DynamicPlaceholder_0_5.dfy,LemmaModInductionAuto,0.948443,Correct,./results_llm/LemmaModInductionAuto_fix_0.txt,,,/usr/local/home/eric/dafny_repos/libraries/src/dafny/NonlinearArithmetic/Internals/LemmaModInductionAuto_fix_378.dfy_0_1_DynamicPlaceholder_prompt,2057,1,DynamicPlaceholder,,False,5,1,1,"assert forall i :: IsLe(0, i) && i < n ==> f(i);
",http://c10-10.sysnet.ucsd.edu:8866/?results=.%2Fresults_llm%2Ftmp_libraries%2Foutput_dynamicPlaceholder-r3_libraries_56.csv&assertions=.%2Fresults%2Ftmp_libraries%2Ftesting_libraries_k58_56.csv&method=0
