Index,Original Method File,Original Method,Original Method Time,Original Method Result,Original Result File,Original Error Message,Original Error Message File,New Method File,New Method,New Method Time,New Method Result,New Method Result File,New Method Error Message,New Method Error Message File,Prompt File,Prompt Length,Prompt Index,Prompt name,Error message,Feedback,Try,Number placeholders,Placeholder position,Diff,Url
0,.//results/LimitIsUnique_fix_17.dfy,LimitIsUnique,9.372033,Errors,./results_llm/LimitIsUnique_0.txt,cannot establish the existence of LHS values that satisfy the such-that predicate,./results_llm/LimitIsUnique__0_error.txt,./results_llm/LimitIsUnique_fix_TFIDFPlaceholder_0_1.dfy,LimitIsUnique,7.077221,Correct,./results_llm/LimitIsUnique_fix_0.txt,,,/usr/local/home/eric/dafny_repos/Dafny-VMC/src/Math/Analysis/LimitIsUnique_fix_17.dfy_0_1_TFIDFPlaceholder_prompt,2994,1,TFIDFPlaceholder,,False,1,1,1,"assert ExistsCloseSuffix(sequence, limit2, epsilon);
",http://c10-10.sysnet.ucsd.edu:8866/?results=.%2Fresults_llm%2Ftmp_dafnyVMC%2Foutput_TFIDFPlaceholder-r3_dafnyVMC_9.csv&assertions=.%2Fresults%2Ftmp_dafnyVMC%2Ftesting_dafnyVMC_k33_9.csv&method=0
